100
4
10 5 15 5
2
100 100
8
81 81 81 81 81 81 81 0
6
23 90 40 0 100 9
2
0 0
10
100 0 100 0 100 0 100 0 100 0
10
100 100 100 100 100 100 100 100 100 0
5
67 70 91 3 63
6
33 36 7 14 60 1
7
3 79 77 99 47 91 34
8
50 53 39 12 80 75 26 18
9
54 51 75 61 98 22 91 69 35
10
92 27 4 61 5 61 99 94 77 62
10
95 3 90 7 38 55 14 41 71 24
10
38 33 74 21 71 77 82 27 74 62
10
63 64 95 95 95 57 22 51 41 19
10
20 39 3 76 58 10 70 15 93 3
10
68 44 22 4 90 58 55 93 26 60
10
19 1 32 75 99 90 14 25 16 14
10
70 49 59 55 10 97 15 88 44 70
10
86 20 32 29 55 21 52 38 49 52
10
63 21 0 93 13 24 79 27 54 49
10
81 31 91 57 47 65 7 53 75 4
10
95 59 43 44 93 88 47 60 18 69
10
67 20 9 78 70 92 56 39 34 34
10
81 17 15 28 71 74 92 90 68 52
10
36 12 43 55 40 73 64 12 4 50
10
76 46 10 10 25 94 15 9 76 99
10
2 9 94 9 0 13 6 13 23 91
10
41 73 72 38 95 25 91 5 33 86
10
29 0 13 14 72 8 5 43 97 63
10
34 1 89 7 68 86 22 35 68 24
10
47 88 56 30 52 87 45 62 36 52
10
41 71 79 42 88 75 2 98 3 45
10
3 61 89 7 57 60 99 37 34 9
10
41 33 93 6 29 39 17 74 75 64
10
93 54 76 42 76 58 92 2 50 39
10
64 71 94 38 87 53 92 42 37 93
10
47 18 55 92 43 38 99 90 45 2
10
93 13 60 14 25 17 34 28 59 87
10
41 7 30 15 54 60 77 9 96 76
10
32 67 8 37 42 15 35 68 6 42
10
54 98 96 26 0 5 32 7 69 54
10
11 31 30 49 32 38 33 50 35 98
10
18 20 8 99 13 21 94 75 23 85
10
41 47 20 14 7 92 12 62 48 44
10
52 0 55 2 20 27 30 12 66 12
10
29 91 31 93 90 5 70 79 23 90
10
88 19 33 7 46 68 91 6 71 16
10
68 82 73 33 94 66 59 51 1 52
10
94 10 50 97 89 45 77 2 35 69
10
2 13 29 94 34 43 23 60 70 34
10
69 61 36 15 10 50 95 96 65 94
10
24 35 82 7 33 91 55 10 57 44
10
46 0 49 51 0 8 73 82 58 17
10
90 7 93 4 6 76 66 30 64 55
10
34 99 98 84 26 40 13 74 33 43
10
4 29 60 18 89 80 44 94 51 3
10
89 0 36 43 43 19 28 44 10 77
10
71 62 80 4 80 23 12 47 76 36
10
95 37 20 69 20 98 30 4 72 78
10
72 73 97 15 29 83 48 2 82 84
10
72 29 27 20 93 77 45 90 62 52
10
15 56 67 57 6 36 20 61 83 53
10
80 59 80 0 90 23 11 29 30 26
10
51 52 43 48 97 59 68 21 64 53
10
73 12 50 12 63 57 13 36 68 77
10
64 14 51 18 35 9 26 10 45 74
10
23 39 64 22 12 12 43 77 97 37
10
43 90 62 25 41 52 41 85 42 91
10
73 81 8 15 63 7 0 80 30 68
10
52 89 90 30 53 84 77 83 75 98
10
51 36 36 16 39 90 2 52 71 68
10
23 6 57 52 94 32 16 15 82 21
10
19 4 19 44 85 54 17 80 39 96
10
52 95 19 23 99 7 21 9 84 39
10
54 67 26 42 33 14 52 66 57 63
10
28 59 15 65 26 43 52 10 89 52
10
6 77 27 57 6 7 6 5 97 8
10
88 21 24 84 38 52 82 33 52 54
10
3 75 44 40 24 79 77 19 63 39
10
40 65 65 51 38 50 4 64 29 26
10
28 24 94 21 87 48 5 87 59 9
10
87 12 72 94 4 26 40 22 52 8
10
18 26 31 51 42 31 88 8 52 53
10
24 21 95 46 39 70 77 76 37 96
10
24 81 4 63 53 0 57 17 88 7
10
2 68 9 12 2 25 71 48 97 92
10
14 97 72 40 34 25 14 83 92 94
10
11 34 50 79 94 2 11 87 2 70
10
28 10 77 58 61 53 95 35 37 85
10
27 8 13 38 55 77 64 76 77 52
10
88 98 64 74 40 11 72 96 47 77
10
3 17 41 18 26 86 65 4 29 93
10
79 8 4 18 64 6 16 90 23 67
10
18 55 86 74 28 99 84 53 46 37
10
36 26 76 12 17 37 41 35 6 70
10
80 70 2 66 83 59 6 80 79 46
10
70 69 74 97 83 27 76 53 2 33
10
76 18 88 51 79 81 18 85 56 15
